1761291367169 0.9869614839553833 0
1761291367339 0.9830666780471802 0
1761291367472 0.9734395146369934 0
1761291367599 0.9183995127677917 0
1761291367967 0.9761476516723633 0
1761291368857 0.9682562351226807 0
1761291368964 0.977067232131958 0
1761291369107 0.9706811308860779 0
1761291369274 0.9436358213424683 0
1761291369374 0.9835433959960938 0
1761291369591 0.9616864323616028 0
1761291369850 0.9755491018295288 0
1761291369994 0.7399857640266418 0
1761291370200 0.9808372855186462 0
1761291370588 0.9828333258628845 0
1761291370839 0.9798176884651184 0
1761291371155 0.9862908720970154 0
1761291371442 0.9695454239845276 0
1761291371634 0.7682544589042664 0
1761291371741 0.989547848701477 0
1761291371983 0.9635277986526489 0
1761291372172 0.6562166810035706 0
1761291372353 0.9065795540809631 0
1761291372514 0.9561877250671387 0
1761291372622 0.9801239967346191 0
1761291372969 0.9779085516929626 0
1761291373107 0.9854559302330017 0
1761291373246 0.9818227291107178 0
1761291373420 0.989140510559082 0
1761291373597 0.9861992597579956 0
1761291373915 0.9380760192871094 0
1761291374046 0.9873117208480835 0
1761291374317 0.4068942070007324 0
1761291374424 0.9798706769943237 0
1761291374748 0.9570900201797485 0
1761291374908 0.9860783815383911 0
1761291375160 0.4770691394805908 0
1761291375310 0.9741689562797546 0
1761291375416 0.9770232439041138 0
1761291375659 0.9767430424690247 0
1761291376006 0.9708640575408936 0
1761291376465 0.3911295235157013 0
1761291376856 0.5376572608947754 0
1761291377224 0.9016801118850708 0
1761291377375 0.9717286825180054 0
1761291377565 0.8463357090950012 0
1761291377715 0.9818161725997925 0
1761291377826 0.9676259756088257 0
1761291377920 0.9852920174598694 0
1761291378020 0.4771241545677185 0
1761291378210 0.408770889043808 0
1761291378651 0.8843088746070862 0
1761291378949 0.920885443687439 0
1761291379106 0.9716141819953918 0
1761291379160 0.4012986123561859 0
1761291379304 0.8839126825332642 0
1761291379489 0.8726599812507629 0
1761291380088 0.9089961051940918 0
1761291380291 0.9713953733444214 0
1761291380424 0.576138436794281 0
1761291380892 0.9709246158599854 0
1761291381601 0.9548851847648621 0
1761291382037 0.9018399715423584 0
1761291382278 0.9428985118865967 0
1761291382971 0.9521750807762146 0
1761291383222 0.9786791205406189 0
1761291383418 0.8821570873260498 0
1761291383825 0.9652166366577148 0
1761291384027 0.9830976128578186 0
1761291384390 0.3583281338214874 0
1761291384543 0.958130955696106 0
1761291384731 0.7944623231887817 0
1761291384913 0.7887314558029175 0
1761291385108 0.49387481808662415 0
1761291385252 0.9417093992233276 0
1761291385414 0.9279628396034241 0
1761291385533 0.9694064259529114 0
1761291385674 0.6400090456008911 0
1761291386276 0.544349730014801 0
1761291386698 0.9509683847427368 0
1761291386894 0.8963699340820312 0
1761291387300 0.9432252049446106 0
1761291387512 0.6668316125869751 0
1761291387692 0.9783574342727661 0
1761291387809 0.9862274527549744 0
1761291387968 0.9599276185035706 0
1761291388105 0.9556204080581665 0
1761291388412 0.48561057448387146 0
1761291388851 0.9604777693748474 0
1761291389037 0.9368199110031128 0
1761291389221 0.9634063243865967 0
1761291389822 0.9584583044052124 0
1761291390318 0.9667620658874512 0
1761291390524 0.9765077829360962 0
1761291390695 0.940881073474884 0
1761291390814 0.9450324773788452 0
1761291391039 0.9735963940620422 0
1761291391157 0.8784980177879333 0
1761291391325 0.9735426306724548 0
1761291391598 0.9664625525474548 0
1761291391782 0.9306068420410156 0
1761291391935 0.7961569428443909 0
1761291392161 0.9682676196098328 0
1761291392323 0.9119858145713806 0
1761291392654 0.8315211534500122 0
1761291392973 0.9695545434951782 0
1761291393433 0.9455716609954834 0
1761291393568 0.8697554469108582 0
1761291393757 0.8228371143341064 0
1761291393848 0.9543336629867554 0
1761291393954 0.9600034356117249 0
1761291394173 0.7255145311355591 0
1761291394544 0.8932313323020935 0
1761291394898 0.5485472083091736 0
1761291395219 0.6087387204170227 0
1761291395437 0.9811098575592041 0
1761291395704 0.9490844011306763 0
1761291395947 0.6535223126411438 0
1761291396120 0.8832288980484009 0
1761291396317 0.9424248337745667 0
1761291396542 0.9207115769386292 0
1761291396784 0.7191529870033264 0
1761291397043 0.976520299911499 0
1761291397342 0.979181170463562 0
1761291398009 0.8514949679374695 0
1761291398134 0.7440558075904846 0
1761291398403 0.9573974013328552 0
1761291398626 0.7796472311019897 0
1761291398904 0.5673044919967651 0
1761291399053 0.5779920220375061 0
1761291399163 0.9775722622871399 0
1761291399605 0.8422951698303223 0
1761291399830 0.4880743622779846 0
1761291400039 0.976889431476593 0
1761291400187 0.9793424606323242 0
1761291400352 0.634939968585968 0
1761291400666 0.9278834462165833 0
1761291401235 0.8715585470199585 0
1761291401383 0.9490033388137817 0
1761291401754 0.6132795810699463 0
1761291401960 0.6323767900466919 0
1761291402282 0.5349879860877991 0
1761291402667 0.9023520946502686 0
1761291402954 0.9816146492958069 0
1761291403157 0.9542009830474854 0
1761291403292 0.9475544095039368 0
1761291403462 0.9526445865631104 0
1761291403647 0.9486947059631348 0
1761291403774 0.8421338200569153 0
1761291404075 0.8595099449157715 0
1761291404454 0.4600340723991394 0
1761291404794 0.7819153666496277 0
1761291404896 0.9759619832038879 0
1761291405390 0.6800554990768433 0
1761291405900 0.9771137833595276 0
1761291406133 0.9274764657020569 0
1761291406280 0.9517813920974731 0
1761291406487 0.9390142560005188 0
1761291406644 0.9441795945167542 0
1761291406905 0.924311637878418 0
1761291407164 0.9036100506782532 0
1761291407526 0.9655795097351074 0
1761291407736 0.9682415723800659 0
1761291408255 0.8908408284187317 0
1761291408768 0.9420233964920044 0
1761291409148 0.7641437649726868 0
1761291409561 0.9434268474578857 0
1761291410061 0.4602603614330292 0
1761291410221 0.8703491687774658 0
1761291410591 0.8438020348548889 0
1761291411052 0.8877739310264587 0
1761291411888 0.6498129367828369 0
1761291412199 0.6231237053871155 0
1761291412409 0.46540144085884094 0
1761291412553 0.9807612895965576 0
1761291412685 0.9799574017524719 0
1761291412869 0.5528561472892761 0
1761291413280 0.9265679717063904 0
1761291413485 0.932925820350647 0
1761291413572 0.9587769508361816 0
1761291413809 0.6553573608398438 0
1761291414133 0.8605735898017883 0
1761291414626 0.5348209142684937 0
1761291415025 0.6030763983726501 0
1761291415169 0.9475305080413818 0
1761291415458 0.9057831168174744 0
1761291415593 0.4504590630531311 0
1761291415726 0.9776200652122498 0
1761291415912 0.9605206251144409 0
1761291416041 0.7411493062973022 0
1761291416160 0.3684723973274231 0
1761291416351 0.4671871066093445 0
1761291416531 0.9552978277206421 0
1761291416849 0.9124071002006531 0
1761291417206 0.8710111975669861 0
1761291417429 0.9598326086997986 0
1761291417700 0.9749430418014526 0
1761291417859 0.9816638231277466 0
1761291418518 0.9575298428535461 0
1761291418679 0.9668045043945312 0
1761291419015 0.9688164591789246 0
1761291419251 0.9084831476211548 0
1761291419588 0.9851888418197632 0
1761291419738 0.9545292258262634 0
1761291420113 0.9236918091773987 0
1761291420321 0.9543174505233765 0
1761291420596 0.8961588740348816 0
1761291420810 0.9702281355857849 0
1761291420910 0.9764238595962524 0
1761291421157 0.8978461623191833 0
1761291421262 0.949521005153656 0
1761291421376 0.972693145275116 0
1761291421738 0.9557514190673828 0
1761291422008 0.9299397468566895 0
1761291422131 0.9809353351593018 0
1761291422332 0.9523730874061584 0
1761291422822 0.973849356174469 0
1761291423025 0.9762468338012695 0
1761291423346 0.9209622740745544 0
1761291423568 0.9670525193214417 0
1761291423816 0.954483151435852 0
1761291423979 0.9739555716514587 0
1761291424131 0.8787621259689331 0
1761291424280 0.9581295251846313 0
1761291424549 0.42079076170921326 0
1761291424706 0.9872474670410156 0
1761291424898 0.9753603339195251 0
1761291425005 0.9854942560195923 0
1761291425488 0.8968467712402344 0
1761291425610 0.9764205813407898 0
1761291426059 0.8676161766052246 0
1761291426289 0.9734020829200745 0
1761291426416 0.6133970022201538 0
1761291426680 0.9389791488647461 0
1761291426763 0.6199023723602295 0
1761291426956 0.9843102693557739 0
1761291427074 0.9894508719444275 0
1761291427422 0.9709675312042236 0
1761291427609 0.9824480414390564 0
1761291427787 0.9491759538650513 0
1761291428050 0.42970630526542664 0
1761291428508 0.8938867449760437 0
1761291428641 0.8188143968582153 0
1761291428833 0.9780389666557312 0
1761291429301 0.6693465709686279 0
1761291429435 0.9690490365028381 0
1761291429865 0.7184151411056519 0
1761291430159 0.9744815230369568 0
1761291430473 0.9742621183395386 0
1761291430641 0.9693315625190735 0
1761291430751 0.972274124622345 0
1761291431078 0.9643048048019409 0
1761291431245 0.9727018475532532 0
1761291431399 0.9682227969169617 0
1761291431619 0.9639407992362976 0
1761291431784 0.9706220626831055 0
1761291431914 0.9662051796913147 0
1761291432071 0.9574827551841736 0
1761291432386 0.9682759046554565 0
1761291432661 0.9405612349510193 0
1761291432980 0.9534122347831726 0
1761291433300 0.3856871426105499 0
1761291433412 0.9797465801239014 0
1761291433679 0.9663306474685669 0
1761291434204 0.9548640847206116 0
1761291434520 0.8949281573295593 0
1761291434634 0.986745297908783 0
1761291434752 0.9865124225616455 0
1761291434889 0.9808239936828613 0
1761291435364 0.6028218865394592 0
1761291435728 0.9689502120018005 0
1761291435943 0.9505591988563538 0
1761291436195 0.9156967997550964 0
1761291436471 0.9781784415245056 0
1761291436610 0.9492290019989014 0
1761291436715 0.985544741153717 0
1761291436911 0.8856763243675232 0
1761291437110 0.9805183410644531 0
1761291437217 0.9868817329406738 0
1761291437441 0.9207119941711426 0
1761291437742 0.9850205183029175 0
1761291438179 0.9199399948120117 0
1761291438554 0.9711632132530212 0
1761291439231 0.5507643222808838 0
1761291439368 0.9863877296447754 0
1761291439564 0.9659761190414429 0
1761291439704 0.9700222611427307 0
1761291439998 0.9291918873786926 0
1761291440139 0.9757127165794373 0
1761291440630 0.9548903703689575 0
1761291440819 0.9834293127059937 0
1761291441044 0.9585840106010437 0
1761291441363 0.9639390110969543 0
1761291441733 0.9809768795967102 0
1761291441876 0.9844412803649902 0
1761291442044 0.9582804441452026 0
1761291442443 0.5683198571205139 0
1761291442621 0.9848393797874451 0
1761291443023 0.9568870663642883 0
1761291443520 0.9638388156890869 0
1761291443696 0.9831368327140808 0
1761291443859 0.9793033599853516 0
1761291443988 0.6645680069923401 0
1761291444638 0.966301441192627 0
1761291444838 0.8917425870895386 0
1761291445265 0.9298460483551025 0
1761291445481 0.9728007912635803 0
1761291445997 0.9524652361869812 0
1761291446306 0.556041955947876 0
1761291446468 0.981765627861023 0
1761291446587 0.9883528351783752 0
1761291446701 0.9748697280883789 0
1761291446822 0.9668552279472351 0
1761291446985 0.9851008057594299 0
1761291447128 0.8918294310569763 0
1761291447295 0.9898141026496887 0
1761291447481 0.9898231625556946 0
1761291447609 0.9636268615722656 0
1761291447738 0.9790982007980347 0
1761291447899 0.9668713808059692 0
1761291448132 0.983187198638916 0
1761291448558 0.9726359844207764 0
1761291448946 0.9742490649223328 0
1761291449401 0.965000569820404 0
1761291449541 0.9822236895561218 0
1761291449643 0.9847260117530823 0
1761291449806 0.9791639447212219 0
1761291449944 0.9835984110832214 0
1761291450235 0.9723472595214844 0
1761291450392 0.9764016270637512 0
1761291450520 0.9785141348838806 0
1761291450652 0.9768785834312439 0
1761291450798 0.9793245196342468 0
1761291450999 0.9726800918579102 0
1761291451097 0.9805628061294556 0
1761291451347 0.977873682975769 0
1761291451450 0.9869686961174011 0
1761291451602 0.9511972069740295 0
1761291451729 0.9772577881813049 0
1761291451997 0.9267517924308777 0
1761291452277 0.7428135275840759 0
1761291452429 0.9806185364723206 0
1761291452567 0.9794570803642273 0
1761291452727 0.9225263595581055 0
1761291452839 0.9655947089195251 0
1761291452964 0.962942361831665 0
1761291453165 0.7296358942985535 0
1761291453346 0.7257069945335388 0
1761291453699 0.9611470699310303 0
1761291453857 0.9410946369171143 0
1761291454114 0.9209584593772888 0
1761291454287 0.9054164290428162 0
1761291454392 0.9703683257102966 0
1761291454560 0.4928080439567566 0
1761291454805 0.9825500845909119 0
1761291455113 0.9676958322525024 0
1761291455266 0.9759397506713867 0
1761291456402 0.5590629577636719 0
1761291457046 0.9172531962394714 0
1761291457362 0.955159068107605 0
1761291457506 0.9850491881370544 0
1761291457886 0.9312299489974976 0
1761291458075 0.9667119383811951 0
1761291458167 0.9883481860160828 0
1761291458273 0.9709693193435669 0
1761291458366 0.9858346581459045 0
1761291458486 0.9783124923706055 0
1761291459220 0.9120447039604187 0
1761291459835 0.621848464012146 0
1761291459986 0.8210291266441345 0
1761291460393 0.8725529313087463 0
1761291460640 0.8441582918167114 0
1761291460794 0.7653337121009827 0
1761291461263 0.9185808300971985 0
1761291461858 0.9438313841819763 0
1761291461995 0.9708242416381836 0
1761291462293 0.9509609341621399 0
1761291462421 0.983234167098999 0
1761291462602 0.9599426984786987 0
1761291462715 0.9870901703834534 0
1761291462923 0.6083691120147705 0
1761291463125 0.9475423097610474 0
1761291463313 0.955366849899292 0
1761291463679 0.9373173713684082 0
1761291463934 0.973296046257019 0
1761291464546 0.9348632097244263 0
1761291464756 0.889488935470581 0
1761291465064 0.9327121376991272 0
1761291465341 0.8758454918861389 0
1761291465762 0.9233195185661316 0
1761291466065 0.9249207973480225 0
1761291466173 0.9784794449806213 0
1761291466314 0.9829535484313965 0
1761291466715 0.9250131845474243 0
1761291467287 0.5093727707862854 0
1761291467620 0.9266319274902344 0
1761291467742 0.9538955688476562 0
1761291467998 0.5218771696090698 0
1761291468468 0.8193622827529907 0
1761291468688 0.6748582124710083 0
1761291468935 0.9455088973045349 0
1761291469117 0.9828406572341919 0
1761291469301 0.8130845427513123 0
1761291469653 0.9496938586235046 0
1761291469763 0.8960872888565063 0
1761291469915 0.983642578125 0
1761291470096 0.9868354797363281 0
1761291470495 0.8898131251335144 0
1761291470674 0.983180820941925 0
1761291470880 0.8377222418785095 0
1761291471057 0.9802182912826538 0
1761291471222 0.46028932929039 0
1761291471443 0.9398087859153748 0
1761291471759 0.6097887754440308 0
1761291472138 0.6420466899871826 0
1761291472395 0.9833938479423523 0
1761291472585 0.5436862707138062 0
1761291472755 0.8515447378158569 0
1761291472930 0.9631192684173584 0
1761291473176 0.9601535201072693 0
1761291473332 0.9644633531570435 0
1761291473735 0.9452745914459229 0
1761291473866 0.9737695455551147 0
1761291473974 0.979709267616272 0
1761291474092 0.9083399772644043 0
1761291474366 0.955544114112854 0
1761291474549 0.797256588935852 0
1761291474868 0.5511651635169983 0
1761291475086 0.9651393294334412 0
1761291475210 0.9732227921485901 0
1761291475361 0.7070715427398682 0
1761291475804 0.8439895510673523 0
1761291476650 0.9247774481773376 0
1761291476797 0.9859537482261658 0
1761291476968 0.9822947978973389 0
1761291477232 0.9823871850967407 0
1761291477525 0.9674639701843262 0
1761291477757 0.9193629026412964 0
1761291477905 0.9817043542861938 0
1761291478101 0.4444259703159332 0
1761291478377 0.9499656558036804 0
1761291478544 0.882222592830658 0
1761291478684 0.8920050263404846 0
1761291478838 0.9284292459487915 0
1761291479079 0.8934190273284912 0
1761291479209 0.6915522813796997 0
1761291479409 0.9102827906608582 0
1761291479596 0.8554564714431763 0
1761291479820 0.9631377458572388 0
1761291480246 0.8462961912155151 0
1761291480501 0.9713772535324097 0
1761291480841 0.960528552532196 0
1761291481074 0.9744774699211121 0
1761291481255 0.9687360525131226 0
1761291481379 0.9762843251228333 0
1761291481722 0.9669445157051086 0
1761291481902 0.9390501379966736 0
1761291482833 0.9687296748161316 0
1761291482945 0.990193784236908 0
1761291483205 0.8495383858680725 0
1761291483382 0.9379611015319824 0
1761291483489 0.940416693687439 0
1761291483648 0.9248223900794983 0
1761291483915 0.9109732508659363 0
1761291484216 0.9739460349082947 0
1761291485663 0.771095871925354 0
1761291486005 0.9787157773971558 0
1761291486164 0.9842687845230103 0
1761291486726 0.9125131368637085 0
1761291486910 0.9758977293968201 0
1761291487094 0.9895378351211548 0
1761291487326 0.9851876497268677 0
1761291487672 0.9540277123451233 0
1761291487920 0.9788087010383606 0
1761291488230 0.9828467965126038 0
1761291488425 0.965061604976654 0
1761291488806 0.964460551738739 0
1761291489004 0.9283357262611389 0
1761291489194 0.9554219841957092 0
1761291489372 0.8870988488197327 0
1761291489622 0.9711799025535583 0
1761291489914 0.9507837295532227 0
1761291490114 0.9817677140235901 0
1761291490497 0.9392088055610657 0
1761291491173 0.8171230554580688 0
1761291491317 0.9603495001792908 0
1761291491438 0.9629128575325012 0
1761291491563 0.9723511934280396 0
1761291491786 0.9658483266830444 0
1761291491914 0.982111930847168 0
1761291492013 0.9810377955436707 0
1761291492244 0.977117121219635 0
1761291492499 0.9414320588111877 0
1761291492828 0.9670615196228027 0
1761291493146 0.888885498046875 0
1761291493403 0.9835822582244873 0
1761291493653 0.9699325561523438 0
1761291493802 0.9826556444168091 0
1761291494018 0.5023185610771179 0
1761291494146 0.5798132419586182 0
1761291494385 0.8433579206466675 0
1761291494472 0.9695539474487305 0
1761291494549 0.8701744675636292 0
1761291494672 0.9749958515167236 0
1761291494898 0.9509602785110474 0
1761291495067 0.9862783551216125 0
1761291495286 0.9306349754333496 0
1761291495566 0.9740616083145142 0
1761291495697 0.9667242765426636 0
1761291495847 0.9752228856086731 0
1761291496117 0.9778723120689392 0
1761291496303 0.9637771248817444 0
1761291496505 0.9207475781440735 0
1761291496752 0.9507813453674316 0
1761291496936 0.977959394454956 0
1761291497137 0.9608787298202515 0
1761291497367 0.6008666753768921 0
1761291497792 0.44793692231178284 0
1761291498063 0.945716142654419 0
1761291498312 0.9305436611175537 0
1761291498399 0.852088987827301 0
1761291498565 0.7525492906570435 0
1761291498670 0.9831693172454834 0
1761291498870 0.9398861527442932 0
1761291499064 0.9060277938842773 0
1761291499238 0.9873777031898499 0
1761291499466 0.9804045557975769 0
1761291499618 0.98148512840271 0
1761291499840 0.9337140321731567 0
1761291500060 0.9750660061836243 0
1761291500431 0.9708950519561768 0
1761291500805 0.7518054842948914 0
1761291500929 0.9234623312950134 0
1761291501018 0.9650976061820984 0
1761291501141 0.983991801738739 0
1761291501253 0.9733624458312988 0
1761291501537 0.9617964625358582 0
1761291501647 0.9848842620849609 0
1761291501921 0.9599531292915344 0
1761291502027 0.9857727885246277 0
1761291502255 0.9751144051551819 0
1761291502367 0.9545906782150269 0
1761291502470 0.9785193800926208 0
1761291502548 0.9574885368347168 0
1761291502646 0.9700227975845337 0
1761291503037 0.91489177942276 0
1761291503210 0.8569398522377014 0
1761291503365 0.9868264198303223 0
1761291503543 0.9797128438949585 0
1761291503683 0.7781647443771362 0
1761291503794 0.987939715385437 0
1761291504374 0.7108937501907349 0
1761291504573 0.9699925184249878 0
1761292597315 0.9869614839553833 0
1761292597484 0.9830666780471802 0
1761292597701 0.9734395146369934 0
1761292597919 0.9183995127677917 0
1761292598162 0.9761476516723633 0
1761292598716 0.9682562351226807 0
1761292598829 0.977067232131958 0
1761292599005 0.9706811308860779 0
1761292599179 0.9436358213424683 0
1761292599282 0.9835433959960938 0
1761292599485 0.9616864323616028 0
1761292599628 0.9755491018295288 0
1761292599759 0.7399857640266418 0
1761292599961 0.9808372855186462 0
1761292600281 0.9828333258628845 0
1761292600579 0.9798176884651184 0
1761292600835 0.9862908720970154 0
1761292601013 0.9695454239845276 0
1761292601142 0.7682544589042664 0
1761292601252 0.989547848701477 0
1761292601468 0.9635277986526489 0
1761292601688 0.6562166810035706 0
1761292601868 0.9065795540809631 0
1761292602041 0.9561877250671387 0
1761292602158 0.9801239967346191 0
1761292602381 0.9779085516929626 0
1761292602480 0.9854559302330017 0
1761292602625 0.9818227291107178 0
1761292602823 0.989140510559082 0
1761292603034 0.9861992597579956 0
1761292603364 0.9380760192871094 0
1761292603500 0.9873117208480835 0
1761292603769 0.4068942070007324 0
1761292603866 0.9798706769943237 0
1761292604223 0.9570900201797485 0
1761292604409 0.9860783815383911 0
1761292604650 0.4770691394805908 0
1761292604905 0.9741689562797546 0
1761292604996 0.9770232439041138 0
1761292605149 0.9767430424690247 0
1761292605351 0.9708640575408936 0
1761292605784 0.3911295235157013 0
1761292606196 0.5376572608947754 0
1761292606643 0.9016801118850708 0
1761292606902 0.9717286825180054 0
1761292607083 0.8463357090950012 0
1761292607232 0.9818161725997925 0
1761292607372 0.9676259756088257 0
1761292607504 0.9852920174598694 0
1761292607589 0.4771241545677185 0
1761292607711 0.408770889043808 0
1761292608119 0.8843088746070862 0
1761292608358 0.920885443687439 0
1761292608525 0.9716141819953918 0
1761292608600 0.4012986123561859 0
1761292608721 0.8839126825332642 0
1761292608901 0.8726599812507629 0
1761292609408 0.9089961051940918 0
1761292609615 0.9713953733444214 0
1761292609813 0.576138436794281 0
1761292610191 0.9709246158599854 0
1761292610480 0.9548851847648621 0
1761292610846 0.9018399715423584 0
1761292611223 0.9428985118865967 0
1761292611923 0.9521750807762146 0
1761292612250 0.9786791205406189 0
1761292612411 0.8821570873260498 0
1761292612713 0.9652166366577148 0
1761292612829 0.9830976128578186 0
1761292613063 0.3583281338214874 0
1761292613230 0.958130955696106 0
1761292613424 0.7944623231887817 0
1761292613641 0.7887314558029175 0
1761292613879 0.49387481808662415 0
1761292614014 0.9417093992233276 0
1761292614183 0.9279628396034241 0
1761292614299 0.9694064259529114 0
1761292614489 0.6400090456008911 0
1761292614940 0.544349730014801 0
1761292615210 0.9509683847427368 0
1761292615423 0.8963699340820312 0
1761292615721 0.9432252049446106 0
1761292615968 0.6668316125869751 0
1761292616225 0.9783574342727661 0
1761292616378 0.9862274527549744 0
1761292616634 0.9599276185035706 0
1761292616804 0.9556204080581665 0
1761292617345 0.48561057448387146 0
1761292617671 0.9604777693748474 0
1761292617829 0.9368199110031128 0
1761292618017 0.9634063243865967 0
1761292618352 0.9584583044052124 0
1761292618786 0.9667620658874512 0
1761292619078 0.9765077829360962 0
1761292619267 0.940881073474884 0
1761292619418 0.9450324773788452 0
1761292619746 0.9735963940620422 0
1761292619921 0.8784980177879333 0
1761292620123 0.9735426306724548 0
1761292620285 0.9664625525474548 0
1761292620426 0.9306068420410156 0
1761292620537 0.7961569428443909 0
1761292620680 0.9682676196098328 0
1761292620818 0.9119858145713806 0
1761292621046 0.8315211534500122 0
1761292621250 0.9695545434951782 0
1761292621874 0.9455716609954834 0
1761292622029 0.8697554469108582 0
1761292622360 0.8228371143341064 0
1761292622477 0.9543336629867554 0
1761292622614 0.9600034356117249 0
1761292622791 0.7255145311355591 0
1761292623062 0.8932313323020935 0
1761292623353 0.5485472083091736 0
1761292623664 0.6087387204170227 0
1761292623777 0.9811098575592041 0
1761292624008 0.9490844011306763 0
1761292624377 0.6535223126411438 0
1761292624636 0.8832288980484009 0
1761292624927 0.9424248337745667 0
1761292625250 0.9207115769386292 0
1761292625501 0.7191529870033264 0
1761292625668 0.976520299911499 0
1761292625817 0.979181170463562 0
1761292626313 0.8514949679374695 0
1761292626426 0.7440558075904846 0
1761292626799 0.9573974013328552 0
1761292627107 0.7796472311019897 0
1761292627716 0.5673044919967651 0
1761292627945 0.5779920220375061 0
1761292628096 0.9775722622871399 0
1761292628433 0.8422951698303223 0
1761292628657 0.4880743622779846 0
1761292628839 0.976889431476593 0
1761292629007 0.9793424606323242 0
1761292629141 0.634939968585968 0
1761292629351 0.9278834462165833 0
1761292630105 0.8715585470199585 0
1761292630276 0.9490033388137817 0
1761292630799 0.6132795810699463 0
1761292631045 0.6323767900466919 0
1761292631331 0.5349879860877991 0
1761292631561 0.9023520946502686 0
1761292631673 0.9816146492958069 0
1761292631851 0.9542009830474854 0
1761292631962 0.9475544095039368 0
1761292632218 0.9526445865631104 0
1761292632448 0.9486947059631348 0
1761292632719 0.8421338200569153 0
1761292632930 0.8595099449157715 0
1761292633323 0.4600340723991394 0
1761292633628 0.7819153666496277 0
1761292633762 0.9759619832038879 0
1761292634211 0.6800554990768433 0
1761292634493 0.9771137833595276 0
1761292634665 0.9274764657020569 0
1761292634807 0.9517813920974731 0
1761292635132 0.9390142560005188 0
1761292635315 0.9441795945167542 0
1761292635502 0.924311637878418 0
1761292635714 0.9036100506782532 0
1761292636161 0.9655795097351074 0
1761292636326 0.9682415723800659 0
1761292636614 0.8908408284187317 0
1761292637072 0.9420233964920044 0
1761292637374 0.7641437649726868 0
1761292637861 0.9434268474578857 0
1761292638636 0.4602603614330292 0
1761292638868 0.8703491687774658 0
1761292639238 0.8438020348548889 0
1761292639561 0.8877739310264587 0
1761292639948 0.6498129367828369 0
1761292640154 0.6231237053871155 0
1761292640327 0.46540144085884094 0
1761292640449 0.9807612895965576 0
1761292640605 0.9799574017524719 0
1761292640850 0.5528561472892761 0
1761292641325 0.9265679717063904 0
1761292641649 0.932925820350647 0
1761292641745 0.9587769508361816 0
1761292641912 0.6553573608398438 0
1761292642078 0.8605735898017883 0
1761292642520 0.5348209142684937 0
1761292642816 0.6030763983726501 0
1761292642939 0.9475305080413818 0
1761292643159 0.9057831168174744 0
1761292643479 0.4504590630531311 0
1761292643787 0.9776200652122498 0
1761292644107 0.9605206251144409 0
1761292644263 0.7411493062973022 0
1761292644378 0.3684723973274231 0
1761292644559 0.4671871066093445 0
1761292644719 0.9552978277206421 0
1761292644985 0.9124071002006531 0
1761292645347 0.8710111975669861 0
1761292645494 0.9598326086997986 0
1761292645777 0.9749430418014526 0
1761292645973 0.9816638231277466 0
1761292646839 0.9575298428535461 0
1761292647032 0.9668045043945312 0
1761292647314 0.9688164591789246 0
1761292647459 0.9084831476211548 0
1761292647697 0.9851888418197632 0
1761292647803 0.9545292258262634 0
1761292648149 0.9236918091773987 0
1761292648462 0.9543174505233765 0
1761292648920 0.8961588740348816 0
1761292649142 0.9702281355857849 0
1761292649289 0.9764238595962524 0
1761292649536 0.8978461623191833 0
1761292649702 0.949521005153656 0
1761292649860 0.972693145275116 0
1761292650188 0.9557514190673828 0
1761292650400 0.9299397468566895 0
1761292650497 0.9809353351593018 0
1761292650657 0.9523730874061584 0
1761292651091 0.973849356174469 0
1761292651303 0.9762468338012695 0
1761292651742 0.9209622740745544 0
1761292651963 0.9670525193214417 0
1761292652202 0.954483151435852 0
1761292652435 0.9739555716514587 0
1761292652626 0.8787621259689331 0
1761292652776 0.9581295251846313 0
1761292653010 0.42079076170921326 0
1761292653171 0.9872474670410156 0
1761292653310 0.9753603339195251 0
1761292653430 0.9854942560195923 0
1761292653784 0.8968467712402344 0
1761292653899 0.9764205813407898 0
1761292654395 0.8676161766052246 0
1761292654697 0.9734020829200745 0
1761292654872 0.6133970022201538 0
1761292655179 0.9389791488647461 0
1761292655342 0.6199023723602295 0
1761292655591 0.9843102693557739 0
1761292655701 0.9894508719444275 0
1761292656011 0.9709675312042236 0
1761292656198 0.9824480414390564 0
1761292656310 0.9491759538650513 0
1761292656512 0.42970630526542664 0
1761292657020 0.8938867449760437 0
1761292657264 0.8188143968582153 0
1761292657561 0.9780389666557312 0
1761292658102 0.6693465709686279 0
1761292658345 0.9690490365028381 0
1761292658878 0.7184151411056519 0
1761292659130 0.9744815230369568 0
1761292659313 0.9742621183395386 0
1761292659494 0.9693315625190735 0
1761292659679 0.972274124622345 0
1761292660006 0.9643048048019409 0
1761292660213 0.9727018475532532 0
1761292660505 0.9682227969169617 0
1761292660769 0.9639407992362976 0
1761292660933 0.9706220626831055 0
1761292661070 0.9662051796913147 0
1761292661330 0.9574827551841736 0
1761292661596 0.9682759046554565 0
1761292661834 0.9405612349510193 0
1761292661998 0.9534122347831726 0
1761292662178 0.3856871426105499 0
1761292662281 0.9797465801239014 0
1761292662597 0.9663306474685669 0
1761292663191 0.9548640847206116 0
1761292663584 0.8949281573295593 0
1761292663732 0.986745297908783 0
1761292663882 0.9865124225616455 0
1761292664049 0.9808239936828613 0
1761292664403 0.6028218865394592 0
1761292664714 0.9689502120018005 0
1761292664836 0.9505591988563538 0
1761292665059 0.9156967997550964 0
1761292665378 0.9781784415245056 0
1761292665708 0.9492290019989014 0
1761292665848 0.985544741153717 0
1761292666133 0.8856763243675232 0
1761292666379 0.9805183410644531 0
1761292666576 0.9868817329406738 0
1761292666884 0.9207119941711426 0
1761292667093 0.9850205183029175 0
1761292667437 0.9199399948120117 0
1761292667636 0.9711632132530212 0
1761292668571 0.5507643222808838 0
1761292668804 0.9863877296447754 0
1761292669073 0.9659761190414429 0
1761292669317 0.9700222611427307 0
1761292669757 0.9291918873786926 0
1761292669895 0.9757127165794373 0
1761292670198 0.9548903703689575 0
1761292670317 0.9834293127059937 0
1761292670525 0.9585840106010437 0
1761292671157 0.9639390110969543 0
1761292671589 0.9809768795967102 0
1761292671772 0.9844412803649902 0
1761292671961 0.9582804441452026 0
1761292672434 0.5683198571205139 0
1761292672631 0.9848393797874451 0
1761292672828 0.9568870663642883 0
1761292673237 0.9638388156890869 0
1761292673511 0.9831368327140808 0
1761292673819 0.9793033599853516 0
1761292673972 0.6645680069923401 0
1761292674495 0.966301441192627 0
1761292674653 0.8917425870895386 0
1761292675216 0.9298460483551025 0
1761292675382 0.9728007912635803 0
1761292675668 0.9524652361869812 0
1761292675976 0.556041955947876 0
1761292676159 0.981765627861023 0
1761292676304 0.9883528351783752 0
1761292676458 0.9748697280883789 0
1761292676592 0.9668552279472351 0
1761292676732 0.9851008057594299 0
1761292676883 0.8918294310569763 0
1761292677062 0.9898141026496887 0
1761292677347 0.9898231625556946 0
1761292677537 0.9636268615722656 0
1761292677705 0.9790982007980347 0
1761292677865 0.9668713808059692 0
1761292678039 0.983187198638916 0
1761292678283 0.9726359844207764 0
1761292678618 0.9742490649223328 0
1761292679231 0.965000569820404 0
1761292679370 0.9822236895561218 0
1761292679529 0.9847260117530823 0
1761292679728 0.9791639447212219 0
1761292679924 0.9835984110832214 0
1761292680287 0.9723472595214844 0
1761292680494 0.9764016270637512 0
1761292680609 0.9785141348838806 0
1761292680745 0.9768785834312439 0
1761292680879 0.9793245196342468 0
1761292681012 0.9726800918579102 0
1761292681115 0.9805628061294556 0
1761292681224 0.977873682975769 0
1761292681316 0.9869686961174011 0
1761292681447 0.9511972069740295 0
1761292681691 0.9772577881813049 0
1761292682064 0.9267517924308777 0
1761292682521 0.7428135275840759 0
1761292682684 0.9806185364723206 0
1761292682826 0.9794570803642273 0
1761292683070 0.9225263595581055 0
1761292683187 0.9655947089195251 0
1761292683396 0.962942361831665 0
1761292683716 0.7296358942985535 0
1761292683901 0.7257069945335388 0
1761292684158 0.9611470699310303 0
1761292684253 0.9410946369171143 0
1761292684434 0.9209584593772888 0
1761292684656 0.9054164290428162 0
1761292684816 0.9703683257102966 0
1761292685080 0.4928080439567566 0
1761292685226 0.9825500845909119 0
1761292685427 0.9676958322525024 0
1761292685569 0.9759397506713867 0
1761292686674 0.5590629577636719 0
1761292687230 0.9172531962394714 0
1761292687711 0.955159068107605 0
1761292687898 0.9850491881370544 0
1761292688269 0.9312299489974976 0
1761292688465 0.9667119383811951 0
1761292688618 0.9883481860160828 0
1761292688759 0.9709693193435669 0
1761292688925 0.9858346581459045 0
1761292689106 0.9783124923706055 0
1761292689559 0.9120447039604187 0
1761292690274 0.621848464012146 0
1761292690490 0.8210291266441345 0
1761292690931 0.8725529313087463 0
1761292691197 0.8441582918167114 0
1761292691406 0.7653337121009827 0
1761292691815 0.9185808300971985 0
1761292692253 0.9438313841819763 0
1761292692355 0.9708242416381836 0
1761292692676 0.9509609341621399 0
1761292692895 0.983234167098999 0
1761292693172 0.9599426984786987 0
1761292693349 0.9870901703834534 0
1761292693572 0.6083691120147705 0
1761292693778 0.9475423097610474 0
1761292693983 0.955366849899292 0
1761292694579 0.9373173713684082 0
1761292694800 0.973296046257019 0
1761292695152 0.9348632097244263 0
1761292695402 0.889488935470581 0
1761292695842 0.9327121376991272 0
1761292696143 0.8758454918861389 0
1761292696434 0.9233195185661316 0
1761292696728 0.9249207973480225 0
1761292696875 0.9784794449806213 0
1761292697034 0.9829535484313965 0
1761292697349 0.9250131845474243 0
1761292697698 0.5093727707862854 0
1761292698048 0.9266319274902344 0
1761292698228 0.9538955688476562 0
1761292698595 0.5218771696090698 0
1761292699122 0.8193622827529907 0
1761292699403 0.6748582124710083 0
1761292699786 0.9455088973045349 0
1761292699961 0.9828406572341919 0
1761292700068 0.8130845427513123 0
1761292700294 0.9496938586235046 0
1761292700497 0.8960872888565063 0
1761292700914 0.983642578125 0
1761292701141 0.9868354797363281 0
1761292701592 0.8898131251335144 0
1761292701788 0.983180820941925 0
1761292702009 0.8377222418785095 0
1761292702133 0.9802182912826538 0
1761292702343 0.46028932929039 0
1761292702528 0.9398087859153748 0
1761292702765 0.6097887754440308 0
1761292703033 0.6420466899871826 0
1761292703252 0.9833938479423523 0
1761292703486 0.5436862707138062 0
1761292703708 0.8515447378158569 0
1761292703936 0.9631192684173584 0
1761292704219 0.9601535201072693 0
1761292704380 0.9644633531570435 0
1761292704804 0.9452745914459229 0
1761292705003 0.9737695455551147 0
1761292705144 0.979709267616272 0
1761292705268 0.9083399772644043 0
1761292705523 0.955544114112854 0
1761292705613 0.797256588935852 0
1761292705862 0.5511651635169983 0
1761292706338 0.9651393294334412 0
1761292706526 0.9732227921485901 0
1761292706697 0.7070715427398682 0
1761292707141 0.8439895510673523 0
1761292707898 0.9247774481773376 0
1761292708014 0.9859537482261658 0
1761292708109 0.9822947978973389 0
1761292708254 0.9823871850967407 0
1761292708472 0.9674639701843262 0
1761292708714 0.9193629026412964 0
1761292708994 0.9817043542861938 0
1761292709280 0.4444259703159332 0
1761292709565 0.9499656558036804 0
1761292709765 0.882222592830658 0
1761292709907 0.8920050263404846 0
1761292710053 0.9284292459487915 0
1761292710300 0.8934190273284912 0
1761292710471 0.6915522813796997 0
1761292710654 0.9102827906608582 0
1761292710795 0.8554564714431763 0
1761292711154 0.9631377458572388 0
1761292711852 0.8462961912155151 0
1761292712119 0.9713772535324097 0
1761292712441 0.960528552532196 0
1761292712661 0.9744774699211121 0
1761292712833 0.9687360525131226 0
1761292712966 0.9762843251228333 0
1761292713270 0.9669445157051086 0
1761292713447 0.9390501379966736 0
1761292713952 0.9687296748161316 0
1761292714144 0.990193784236908 0
1761292714454 0.8495383858680725 0
1761292714631 0.9379611015319824 0
1761292714736 0.940416693687439 0
1761292714909 0.9248223900794983 0
1761292715220 0.9109732508659363 0
1761292715616 0.9739460349082947 0
1761292717125 0.771095871925354 0
1761292717445 0.9787157773971558 0
1761292717630 0.9842687845230103 0
1761292718035 0.9125131368637085 0
1761292718258 0.9758977293968201 0
1761292718361 0.9895378351211548 0
1761292718496 0.9851876497268677 0
1761292718741 0.9540277123451233 0
1761292719004 0.9788087010383606 0
1761292719454 0.9828467965126038 0
1761292719634 0.965061604976654 0
1761292720074 0.964460551738739 0
1761292720288 0.9283357262611389 0
1761292720454 0.9554219841957092 0
1761292720658 0.8870988488197327 0
1761292720964 0.9711799025535583 0
1761292721136 0.9507837295532227 0
1761292721248 0.9817677140235901 0
1761292721872 0.9392088055610657 0
1761292722671 0.8171230554580688 0
1761292722786 0.9603495001792908 0
1761292722916 0.9629128575325012 0
1761292723046 0.9723511934280396 0
1761292723277 0.9658483266830444 0
1761292723408 0.982111930847168 0
1761292723534 0.9810377955436707 0
1761292723753 0.977117121219635 0
1761292723924 0.9414320588111877 0
1761292724113 0.9670615196228027 0
1761292724542 0.888885498046875 0
1761292724883 0.9835822582244873 0
1761292725152 0.9699325561523438 0
1761292725332 0.9826556444168091 0
1761292725508 0.5023185610771179 0
1761292725633 0.5798132419586182 0
1761292725928 0.8433579206466675 0
1761292726059 0.9695539474487305 0
1761292726157 0.8701744675636292 0
1761292726305 0.9749958515167236 0
1761292726481 0.9509602785110474 0
1761292726588 0.9862783551216125 0
1761292726715 0.9306349754333496 0
1761292726873 0.9740616083145142 0
1761292727073 0.9667242765426636 0
1761292727342 0.9752228856086731 0
1761292727692 0.9778723120689392 0
1761292727877 0.9637771248817444 0
1761292728166 0.9207475781440735 0
1761292728334 0.9507813453674316 0
1761292728435 0.977959394454956 0
1761292728655 0.9608787298202515 0
1761292728965 0.6008666753768921 0
1761292729268 0.44793692231178284 0
1761292729452 0.945716142654419 0
1761292729714 0.9305436611175537 0
1761292729848 0.852088987827301 0
1761292730188 0.7525492906570435 0
1761292730362 0.9831693172454834 0
1761292730580 0.9398861527442932 0
1761292730767 0.9060277938842773 0
1761292730912 0.9873777031898499 0
1761292731128 0.9804045557975769 0
1761292731268 0.98148512840271 0
1761292731495 0.9337140321731567 0
1761292731823 0.9750660061836243 0
1761292732179 0.9708950519561768 0
1761292732654 0.7518054842948914 0
1761292732806 0.9234623312950134 0
1761292732908 0.9650976061820984 0
1761292733073 0.983991801738739 0
1761292733192 0.9733624458312988 0
1761292733501 0.9617964625358582 0
1761292733621 0.9848842620849609 0
1761292733893 0.9599531292915344 0
1761292734022 0.9857727885246277 0
1761292734195 0.9751144051551819 0
1761292734336 0.9545906782150269 0
1761292734500 0.9785193800926208 0
1761292734579 0.9574885368347168 0
1761292734674 0.9700227975845337 0
1761292735057 0.91489177942276 0
1761292735237 0.8569398522377014 0
1761292735378 0.9868264198303223 0
1761292735590 0.9797128438949585 0
1761292735780 0.7781647443771362 0
1761292735908 0.987939715385437 0
1761292736477 0.7108937501907349 0
1761292736727 0.9699925184249878 0
